60529
30139
26995
18667
15006
12921
11897
12589
9701
10760
9352
8983
6875
6112
5512
7644
6627
5690
5091
3719
5374
4463
5524
5343
4188
3865
3329
3331
3884
3208
3171
3498
3961
5119
4962
4950
8599
4305
4453
4128
5980
5280
6474
14798
4316
4426
4165
3808
3733
3731
4081
5565
3746
3851
3826
3739
3833
3767
3821
3750
3875
3904
4292
4029
4002
3945
4134
4141
3926
3891
4488
3844
4159
3766
4243
4619
4050
3948
3743
3757
3808
4133
3939
3870
3920
3851
4094
4007
3938
4024
4180
4061
4047
4079
4048
4184
4228
4221
4196
4176
4255
4470
4326
4280
4256
4285
4271
4242
4405
13595
5549
6694
6664
6728
6994
5653
6223
6965
4897
4879
5088
6097
4835
6110
5533
7311
5583
4706
4682
5366
4850
4806
6134
4737
4760
4912
4870
5165
7240
4780
4749
5115
5095
4916
4936
7064
6881
5199
4946
4862
4908
4966
7230
5939
4751
5037
5077
5038
5044
5151
5027
4997
4943
5217
5006
5155
5764
11505
6101
5561
6284
5419
5291
6805
6021
7150
6514
5471
5346
5492
5388
5524
7851
6433
5602
5391
6151
5390
5369
7759
7978
7981
7994
5685
6404
5564
5447
5346
5579
5439
5705
5735
5777
5631
5695
5810
8251
8266
7563
5741
8111
6029
5864
6087
6182
5864
7729
7114
6515
6026
6073
5988
6117
6836
8710
7514
5963
5883
8002
8689
8677
8597
6035
6085
6347
6094
6142
6131
6138
6046
6220
6210
6243
6520
9030
7082
11493
9415
8197
9255
9518
7679
8200
9510
8943
9011
8992
7200
6423
6342
6225
6390
6281
6196
8090
6231
6232
6245
6656
6762
6670
6607
6381
7019
6393
8852
6280
6371
6900
6472
7211
6115
7784
6106
5969
8766
8000
6060
5973
6574
6542
6170
6183
6110
6130
6100
6095
6174
6194
6199
6176
6168
6275
6266
6346
6298
6305
6329
6318
6304
6349
6378
6318
6285
6271
6339
6357
6533
6366
6359
6370
6439
6539
6593
6622
6486
6418
6449
6399
6577
6526
6462
6516
6458
6569
6503
6416
6558
6525
6538
6632
6507
6531
6478
6472
6476
6462
6535
6574
6496
6560
6688
6738
6744
6772
6725
6941
6835
6816
6919
6875
6976
6825
7237
6826
7416
6819
6928
6817
7011
6860
6915
6912
8258
7422
6966
7085
7137
7233
6967
6882
7778
7459
7787
7095
7014
7078
7115
7101
7349
7166
7209
7200
7122
7147
7159
7500
7189
7164
7204
7245
7184
7250
7247
7212
7216
7188
7158
7193
7207
7244
7398
7334
7359
7507
7652
7762
7636
7688
7673
7605
7779
7865
7808
7669
7835
7801
7778
7845
7696
7622
7706
7716
7642
7856
7805
7787
7682
7781
7829
7707
7721
7708
7669
7674
7677
7789
7714
8461
7969
7822
7738
8160
7800
7804
7733
7756
7685
7862
7829
7762
7744
7981
7860
7879
7751
7843
7842
7915
7833
8163
8091
8064
8122
8244
8255
8321
8224
8423
8271
8473
8280
8235
8242
8273
8263
8261
8497
8619
8421
8332
8508
8448
8440
8373
8413
8359
8407
8381
8336
8320
8461
8430
8407
8653
8437
8584
8509
8374
8387
8504
8501
8640
8582
8592
9140
8919
9258
8836
9410
8846
8891
8873
9032
8958
8900
9074
8889
8884
8915
8920
8890
8921
8925
8886
8993
9027
10256
9275
8926
9012
8849
8827
8958
8834
9057
8948
9229
9676
9139
9404
8937
8887
8832
9162
8940
8987
8910
8866
8968
9073
8858
8920
9109
9681
9208
9190
9031
9417
9182
9982
9746
9286
9560
9233
9489
9285
9415
9917
9552
9315
9428
9330
9549
9475
10038
9555
9353
9367
9230
9306
9970
10065
9576
9659
9441
9521
9370
9384
9410
9419
9578
9459
9759
9466
9564
10353
36359
12197
9902
9971
9833
9560
10298
9619
9552
9688
9499
9724
9555
9600
9644
9605
9583
9646
9595
9623
9667
9642
9516
9472
9764
9827
10312
9899
10055
9784
10148
9528
9593
9527
9621
9700
9652
9842
9588
9536
9562
9510
9504
9602
9796
10390
9695
9796
9662
9507
9625
9446
9610
9539
9516
9546
9518
9611
9541
9553
9530
9522
9553
9419
9537
9645
9363
10074
9556
9502
9531
9808
9757
9508
9431
9711
9733
9568
9763
10026
9786
9558
9466
9526
9367
9506
9598
9470
9525
9470
10534
10047
9798
9690
9701
9591
9715
9485
9761
10178
9574
9545
9474
9441
9511
9448
9544
9466
9520
9628
9477
9618
9422
9500
9546
9543
9648
9474
10123
9574
9382
9504
9322
9833
9721
9665
9491
9508
9449
9822
9316
10101
9628
9439
9445
9359
9443
9393
9434
9545
9357
9380
9518
9322
10219
9456
9695
9391
9269
10016
9380
9438
9486
9327
9506
9230
9466
9409
9383
9479
9239
10917
9956
10261
9682
9486
9500
9388
9363
9439
9398
9413
9392
9381
9405
9399
9805
9460
9369
10152
9545
9349
9447
9218
9784
9582
9438
9525
9389
9444
9449
9410
9524
9431
9600
9537
9472
9626
9509
9518
10550
9959
9805
9717
9551
9764
9625
9672
10127
10013
9868
9586
10204
10364
9764
9825
9664
9616
10308
10297
9849
9920
10039
9895
9865
9841
10428
10001
10107
10216
10250
10139
10140
10112
10113
10064
10083
10148
10046
10000
10103
10063
10065
10091
10015
10054
10100
10138
10221
10014
9917
10182
10120
10896
10191
9974
9931
10648
10218
10114
10101
10025
10035
10019
9990
11547
10044
9990
10009
9971
9970
10406
9998
10442
10576
10288
10952
10533
10041
10115
10194
10044
10138
10105
10160
10745
10375
10276
10442
10312
10352
10310
10240
10697
10418
10943
10656
10694
10557
10571
10591
10992
10647
10781
10839
10973
10536
10897
10745
10596
10507
10556
10694
10609
15379
10998
11579
10968
11613
11457
11096
11364
11785
11267
10713
10839
10876
10758
10773
10778
10791
10759
10827
10755
10707
10810
10691
10656
10702
10637
10684
10717
10640
10478
10532
10459
10991
10747
10700
10598
10598
10611
12199
11783
11398
16305
13722
11838
11258
11885
11511
11009
11541
10837
10852
12090
10985
11023
11573
11159
11145
10996
11037
11111
11076
11115
11060
11079
11303
11332
11160
11088
11115
11223
11090
11225
11253
11304
11038
11122
11660
11143
11171
11099
11054
15619
13038
11348
11170
11069
11298
11217
11070
11150
11174
11411
11094
11570
11141
11137
11759
12187
12242
11555
11458
12106
11335
11341
11139
11439
11228
11095
11536
11478
11490
11289
11376
11436
11249
11509
11417
11206
11424
11815
11844
11503
11771
11577
11337
11205
11355
12456
12745
11853
11819
11520
11619
11540
12107
11856
11991
11535
11848
12042
12645
12098
12159
11951
11929
11865
11929
11954
11941
11878
11881
12216
11794
11762
11822
11928
11890
11799
11779
11778
11959
11902
12041
11982
12134
11759
11883
11869
11818
11781
11841
12837
12376
12035
11800
11804
11766
16153
12048
11711
11848
11761
12040
12350
12271
12129
12095
12154
11980
11924
12408
11928
11956
12623
12845
12226
12378
11985
11985
12352
12235
12219
12125
12318
12380
12330
12330
12387
12390
12478
12335
12349
13037
15019
12804
12593
12827
12935
12602
12523
12507
12507
12658
12522
12626
12699
12422
12589
12640
12517
12394
12433
13257
12728
12660
12545
12654
12511
12398
13937
12873
12505
12665
13333
13497
12770
12470
12541
12739
12894
12639
12684
12716
12800
12792
12703
12684
13028
12799
12793
12898
12882
13119
12850
12794
12790
12784
13703
13177
13377
13503
12742
12742
13537
13091
12963
12566
12677
12752
13365
13198
13729
13102
13261
13159
12945
13109
13023
13071
13081
13096
13138
13113
13295
13084
12984
18408
14318
13234
13438
13219
12982
13072
13208
12873
13512
13352
13057
13090
13064
12963
13086
13170
13138
13025
13332
13117
13019
13348
13314
13946
13418
13095
12998
13880
13799
13155
13150
13214
13602
13333
13141
13045
13233
13192
13735
14503
13658
13535
13547
13530
13887
13634
13407
13520
14528
14231
14050
14279
14482
13651
14304
14419
13700
14415
14101
14444
15396
14972
14407
14028
13961
15196
14139
14094
13835
13916
14568
14035
13709
14188
13836
13962
14620
13913
13918
13879
13828
13904
13798
13771
13683
13884
13678
13909
13930
13893
13547
14433
13712
13708
13929
13777
14084
14963
14196
13911
13849
13906
14029
13999
13999
13872
13968
13860
13931
13969
13980
14035
13797
15489
14271
13911
14007
13867
15469
14305
15086
14360
13994
13981
14078
14567
13915
13934
13997
13903
13914
14117
13928
13803
14120
18149
14610
14417
14302
14549
14243
14154
14845
14723
14422
14199
14711
14862
14812
14757
14849
14380
14535
14593
14567
14396
14457
14588
14923
14890
14853
14543
14506
14509
14828
14676
14425
14394
14319
14700
14670
14497
14400
14365
14381
20019
15283
14497
14333
15037
15389
14665
14574
14491
14384
14423
14536
14435
14369
14524
14375
14505
14541
14632
14489
14574
14635
14643
14900
14628
14563
14595
16055
15193
14809
14593
14392
15669
15103
14665
14557
14659
14638
14969
14960
14754
14670
14682
14994
15064
14914
14987
14778
15776
15883
15633
14976
15027
15767
16076
15776
14927
15113
14924
16729
15397
15084
15037
14985
15954
15262
15219
15181
15142
15621
16235
15260
15536
15357
15404
15364
15174
15074
15473
15637
15755
15509
15360
15395
15282
16110
16007
15255
15259
15279
16218
16178
15301
15784
15701
15830
15373
16044
15178
15686
16193
15366
15898
15787
15314
16347
16417
15419
15457
15262
15421
15354
15351
15237
15324
16555
15749
15767
15173
15472
15087
16934
16184
15122
15459
15534
16111
15905
15690
15669
15650
16533
15985
15775
15667
15795
16076
15827
15687
15633
19824
15683
15874
15793
16449
15959
15541
16373
16260
15794
15753
15725
15761
15746
15802
15494
16738
15971
15447
15589
15450
16878
16512
16230
15974
15489
18191
16631
16031
15875
15710
16316
15931
15907
16722
15737
16638
15971
15787
15809
15779
16420
15858
15782
15785
15845
16589
15973
15872
15858
15973
16569
16113
15976
15858
15869
16465
16036
16046
15909
15669
17727
16429
15801
15833
15907
17082
16391
16259
16360
16797
17672
16107
16272
16066
17782
16979
16122
16128
16336
16971
15986
15985
15973
16124
16122
16225
