46676
35466
28198
24205
21134
16438
16511
17935
15870
13757
13804
13217
10902
9372
7612
9986
8646
8849
7000
8070
4967
4032
4714
3552
3458
3316
3305
3291
3379
6229
3756
4358
3818
3686
4116
3963
3836
3669
3810
4003
3580
3625
3830
3528
3702
3565
4139
3535
3504
3610
3748
3862
3812
3785
3978
5136
5629
4050
4268
6248
6527
4415
4682
4804
5709
6098
4611
5360
5637
4424
4535
3822
3834
3783
4104
4398
3874
3851
4045
3895
3892
4005
4178
4483
3991
4057
4153
4109
4037
4091
4201
4222
4185
4790
4227
4310
4309
4764
4634
4500
4670
4527
4889
4456
4511
4365
4419
4367
5368
4648
4557
5003
4567
4449
4963
4985
4655
4872
5070
4554
4665
5205
4796
4617
4829
4656
4741
4782
4841
4731
11805
14620
6843
9101
6161
30306
8290
6998
6505
5592
5806
6462
5157
5411
6056
6504
6663
5205
5119
6641
6530
8122
7208
4901
6232
5126
5566
7746
8875
7531
6631
6459
5530
5332
7764
7520
6091
5436
5329
5338
5386
5729
5463
5257
5813
7622
5602
5879
5733
7010
7860
7530
15875
11739
5681
5309
5329
5525
7241
6169
5521
7888
6622
5568
5524
7457
6389
6417
5642
6282
6043
6267
5882
5730
6016
5905
6024
5869
5966
5913
8488
8872
8958
7801
5858
6504
5878
5820
6958
5967
5933
6395
5890
6062
6101
6095
6131
6070
6093
6461
5935
5996
5990
5995
6219
6056
6204
6474
8768
6351
6488
7566
6387
7111
6483
6451
6680
6762
6753
6656
7681
10341
10697
9674
6446
6401
6414
6224
6286
6352
6342
7137
6442
6231
6277
7110
10074
7882
11202
10141
10107
10171
8543
8369
7837
6604
6773
6675
6884
6646
6965
9023
8169
6003
5952
8343
9107
6616
6111
6496
6285
7028
9596
8803
6394
7804
9676
8135
7435
6499
6375
6357
6467
6463
7291
6984
6674
6545
6501
7474
9566
6755
6704
6728
6348
6449
6398
6332
6498
6392
6579
6506
6460
6505
6478
6523
6426
6495
6457
6431
6452
6426
6459
6441
6441
6513
6440
6462
6474
6461
6451
6493
6668
6434
6534
7057
6627
7031
6957
6761
6553
6673
6826
6797
7474
6812
6979
6922
7541
6896
6870
7644
7064
7022
7024
7205
6997
7528
7063
7083
6975
7007
7109
6972
7149
7009
7821
7490
7165
7256
7376
7244
7288
7977
7094
7660
7361
7312
7212
7667
7266
7311
7173
7199
7217
7243
7185
7389
8469
7241
7738
7196
7262
7230
7908
9008
8032
7771
7955
7368
7414
7299
7423
7400
7622
7556
8102
7566
7657
8174
8015
7849
7622
7670
7788
8268
7896
7584
7696
7635
7825
7612
7896
8019
7762
7694
7807
7704
7896
8461
7747
7810
8669
7881
8423
8112
7959
7967
8395
7992
7924
7852
7988
8212
7885
7801
7990
8381
8324
7936
8034
7893
8429
8072
7826
7789
8686
8351
8695
8214
8189
8145
8364
8313
8345
8283
8921
8373
8273
8450
8747
8253
8298
8304
8323
8849
8502
8935
8799
8761
8390
8400
8496
8878
9263
8676
8741
8788
8422
8666
9073
8440
8490
8473
8318
8840
8429
8328
8287
8371
8303
8388
8399
8447
8369
8876
8700
9061
9022
8861
9403
8782
8779
8981
8828
8987
8825
8918
9007
9024
8916
8943
8948
9010
9078
8976
9067
8920
8942
9061
9080
9024
9027
9015
8943
9047
8978
8941
8925
8908
9002
8912
9042
8951
9053
8992
8957
8944
8902
8925
8878
9126
9018
9039
9031
8968
9146
9104
9411
9461
9507
9416
9311
10690
9829
9279
9997
9395
9377
9451
9314
9566
9381
9493
9488
9477
9526
9364
9390
9404
9403
9527
9442
9737
9763
10021
9907
9830
9504
9729
9436
9579
9902
9723
10030
9847
9651
9663
9829
9944
9881
9547
9980
9472
11032
9986
9749
9635
10476
10261
9685
9519
9598
9637
9508
9714
9552
9511
10284
10023
9689
9583
9595
9804
9578
9658
9691
9577
9761
9800
9609
9567
9558
9612
9615
9622
9779
9625
9698
9825
9608
9665
9534
9762
9801
9729
10168
10235
9773
9990
9643
10206
9632
9622
9527
10003
9665
9673
9565
9524
9541
9527
9604
9628
9503
9507
9449
9806
9781
9395
9843
9478
10670
9724
9724
9616
9501
10062
9536
9486
9719
9705
9618
9672
9514
10105
9764
9492
9609
9484
10086
9718
9494
9600
9414
9515
9540
9429
9726
9454
9535
9742
9956
12121
9519
9430
9656
9542
10506
9722
9570
9627
10313
10004
9662
9392
9432
9529
9393
10127
9599
9697
9492
9572
10894
10879
9566
9554
9524
9453
9452
9711
9604
9682
11633
9441
9480
9344
10360
9346
9856
9507
9278
9356
9319
9497
9360
9326
9689
9285
9610
9473
9535
9869
9326
10315
9581
9367
9409
9347
10159
9616
9443
9525
9438
9581
9613
10057
9771
9337
9529
9584
9367
9548
9479
9563
10924
9599
9715
9536
9566
9550
9470
9800
9717
9562
9857
9745
9722
9949
9655
9721
9967
9756
9677
9636
9679
10243
10170
10204
9756
10426
10692
9865
9979
10853
10043
9995
9896
9924
9939
10106
10258
10244
9946
9975
10131
9865
10567
11387
10220
10208
10888
10319
10150
10078
10183
11184
10374
11244
10185
10093
10117
10123
10401
10231
10772
10292
10301
10248
10133
10088
10208
10005
10215
10072
10225
10251
10137
10402
10081
9980
10430
11379
10103
9971
10148
10328
10078
10355
10141
11930
10856
10975
10339
10429
10369
10111
10237
10282
10405
10506
10318
10444
10706
10299
10344
10449
10396
10324
10305
10265
10386
10456
10384
10434
10556
10413
10444
10496
10553
10590
10483
10646
10623
10607
11631
11244
10833
10616
10658
10655
10635
10766
10843
11153
11136
11571
11568
11040
10828
10824
11002
10829
10660
10603
10773
11239
10954
10622
11162
11402
10728
10973
10938
11251
11548
11089
10936
11116
11070
10684
11719
10727
10843
10932
11010
10721
10885
10879
10796
10743
10789
10796
10799
10973
10950
10774
10969
10928
10897
11009
10889
10876
10981
10945
10898
10782
10880
11226
11375
11596
11487
11702
11299
11354
11534
11180
11139
11079
11073
11208
11885
11352
11289
11348
11398
11436
11225
11292
11696
11475
11626
11574
11444
11459
13276
11553
11401
11372
11436
11404
11433
11710
11699
12136
12076
12328
11749
11537
12257
12515
11955
11914
11509
11710
11836
11759
11858
12089
11906
11584
11554
11845
11665
11584
11741
12131
12231
11785
12338
11815
11731
11517
11505
11598
11573
11510
11788
11734
11568
11490
11719
11523
11546
11432
11523
11549
11506
11770
11805
11769
11614
11860
12012
15397
12388
12483
13256
12596
16236
15109
12367
12374
12408
18516
12390
12362
12478
12513
11935
12129
12022
12016
11991
11940
11953
11988
12004
12024
11940
11954
11883
11925
12192
12290
12175
12445
12013
12293
12557
17139
12608
12412
12192
12748
12721
12174
12633
12374
12535
12340
12458
12622
12741
12468
12098
12152
12306
12329
12397
12463
12338
12517
12256
12295
12236
13475
12262
12478
12419
12712
12605
12636
12545
12502
12571
12770
12860
12820
12740
13052
12589
12743
13087
12528
12693
12641
12764
12803
12597
12645
12880
12702
12707
12551
12569
12552
12603
12674
12633
12660
12848
12873
12669
12476
12553
12591
13525
13690
12819
12620
12499
12907
13464
12900
12612
12747
12831
12704
12966
12648
12716
12680
12768
12763
12607
12798
12804
12755
13953
12831
12697
12910
12861
13594
13130
12804
13124
12833
12845
12933
12820
12846
13229
12893
12921
12901
12869
14069
14763
13703
13342
13245
13710
13925
13124
13083
13141
13096
14224
13934
13740
13629
13288
13265
13312
13795
13293
13237
13285
13288
13346
13361
13351
13472
14547
13580
14486
18929
14381
14072
13745
13386
13363
13404
13402
13320
13389
13221
13169
13151
13525
14490
13686
13085
13938
13184
13287
13250
13045
13185
13196
13164
13265
13254
13630
13163
13071
13513
13484
13374
13474
13133
13341
13552
14444
13375
13840
13322
13176
14497
13332
13547
13319
13384
13850
13447
13536
13686
13762
14308
13671
13492
13961
13679
13986
13952
13953
13736
13709
13623
13645
13529
13748
13761
17699
13738
15843
13896
13654
14074
14194
13843
13700
13684
13718
13889
13693
14739
14010
14801
13855
14158
14123
14158
13998
13897
13921
13730
13553
13893
15735
14022
13639
13944
14335
13935
13890
13776
15016
13716
13901
14219
13832
14070
13790
14462
14225
13930
15023
13945
14033
14006
13985
14055
13964
14027
15088
14058
14066
14062
14156
14044
14026
14263
14274
14376
14487
14275
14295
14339
14202
14284
14334
14880
14800
14336
14635
14253
14212
14273
14193
14523
14659
14864
14440
14619
14431
14673
14610
14557
14623
15443
14726
14676
14590
14439
14509
14492
14805
14622
14416
14779
14848
18171
15768
14462
14693
14329
14631
14481
14553
14453
14402
14454
14734
14933
14712
14472
14935
14846
14300
14786
14464
14413
14410
14675
14690
14533
14628
14553
15558
15124
14538
14498
14862
14874
14929
14629
14954
14654
14738
14665
14916
14604
14968
15208
16019
15529
15511
16117
15720
15265
15306
15216
15229
15214
15150
15498
16073
15755
16430
15670
15556
15379
15164
15145
15254
15071
15086
15982
15714
16015
15736
15595
15273
15514
15476
15490
15632
15761
15480
15362
15567
15646
16097
15434
15193
15459
15170
15068
15585
15220
15139
15217
15998
15162
19209
15618
15464
15062
15625
15458
15379
15109
15065
15155
15241
15211
15207
15214
15419
15537
14957
15386
15191
15401
15069
15204
15408
15436
15308
15359
16146
15489
15757
15330
15693
15353
15614
16543
18346
15335
22038
16203
15657
15703
15945
15973
15779
15840
15751
15850
16077
15741
15866
16229
15734
15935
16087
15915
16131
15888
16082
15765
15907
15717
15843
15732
15695
15716
15687
15998
15794
15835
16005
15954
15832
15782
15652
15785
15720
15709
15813
15758
15711
16024
15856
15685
15923
15795
15852
15710
15745
15746
15873
15859
15862
16122
15998
16628
16094
15942
16014
15975
15782
16053
16597
16242
16273
16028
16436
15860
15970
15962
16436
16430
16663
17375
16730
16852
17800
16800
16792
16730
16571
16807
16975
16764
16686
16917
16684
16411
16368
16417
17040
16379
16755
16949
